1    16

2     8

3     5

4    14

5     4

6     4

7     1

8    15

9     5

10    14

11    12

12     2

13     8

14    13

15     8

16    16

17    13

18    16

19    11

20     2

21     5

22     1

23    15

24     5

25     8

26     8

27    10

28     4

29     9

30     1

31     4

32    13

33    11

34     9

35    14

36     8

37     8

38     3

39     9

40    12

41     3

42     4

43     5

44     6

45     7

46    15

47    15

48     5

49     5

50    10

51    11

52     4

53     3

54     3

55     3

56     7

57    12

58     1

59     2

60    13

61     4

62    15

63    15

64    11

65    15

66    16

67     5

68     5

69    14

70     3

71     5

72    16

73     6

74    11

75     4

76     3

77     6

78     6

79     5

80    13

81     5

82     7

83     2

84     1

85    12

86    13

87    13

88    10

89    16

90    13

91    11

92     1

93    15

94     6

95     1

96    11

97     2

98    14

99     8

100     7

101     5

102     5

103     7

104     5

105    10

106    13

107    15

108     3

109    16

110     5

111     5

112     8

113    12

114    13

115    10

116     1

117     1

118    16

119     7

120    15

121     9

122    16

123     4

124    13

125     9

126     2

127    14

128    10

129    12

130     2

131     6

132    14

133     7

134    12

135     7

136     1

137    16

138     1

139    13

140     9

141    10

142     5

143     4

144     4

145     4

146     8

147     1

148    11

149     9

150     1

151     9

152    11

153     7

154     9

155     4

156     3

157     8

158     5

159    16

160     4

161    15

162    14

163     5

164    12

165     9

166    13

167     7

168     8

169    11

170     5

171    11

172    14

173    13

174     5

175     8

176     2

177     8

178     8

179    13

180     5

181    14

182    12

183     6

184    10

185    10

186    11

187     6

188     1

189     4

190    10

191    14

192    11

193    13

194    11

195     1

196    11

197     7

198     4

199     2

200    11

201     2

202    15

203    12

204     2

205    14

206    12

207    13

208    10

209     4

210     5

211     5

212     9

213    16

214     5

215     6

216    14

217     6

218     7

219    15

220    12

221     5

222     1

223    14

224    15

225     3

226    13

227     8

228     3

229     7

230    12

231    12

232    12

233    14

234    10

235    11

236    10

237     1

238     2

239    16

240     4

241    11

242     7

243    10

244     1

245    11

246     9

247    12

248     4

249    12

250    13

251     6

252    11

253     3

254    15

255    10

256     8

257     6

258     4

259    15

260     9

261     9

262     1

263     4

264     7

265     9

266    12

267     9

268    10

269    14

270     5

271     4

272     2

273     7

274    13

275    15

276     9

277     2

278    11

279     8

280    15

281     5

282     4

283    13

284    11

285    15

286    10

287     9

288     2

289     9

290     2

291     9

292     9

293    10

294    15

295     2

296    13

297    10

298     7

299    14

300     1

301     1

302    12

303    10

304     6

305    15

306    15

307     4

308    14

309     3

310    13

311    13

312    12

313     1

314    12

315     4

316    14

317     9

318     4

319     9

320     8

321    13

322     4

323    14

324     5

325     4

326    12

327     8

328     9

329    13

330     1

331     5

332    12

333     4

334     7

335    11

336    11

337     1

338     6

339     7

340     1

341     4

342    13

343     3

344    13

345     3

346    12

347     8

348    12

349    16

350    14

351     1

352    11

353     5

354    13

355     8

356     3

357     8

358     1

359    10

360     5

361    12

362     8

363     8

364     5

365    14

366     6

367    16

368     2

369     5

370     8

371     6

372     6

373     2

374    15

375     5

376     9

377     6

378     4

379     2

380    12

381    12

382    10

383     1

384     3

385    13

386    15

387     1

388    16

389     4

390     6

391     8

392    14

393     6

394     4

395    16

396     7

397    11

398     6

399     8

400     4

401    12

402     5

403     2

404    11

405    14

406     3

407     6

408    14

409    13

410     4

411     3

412    14

413    15

414    13

415    12

416    10

417    12

418    13

419    16

420     5

421    14

422     2

423    10

424     9

425     8

426    10

427     4

428     3

429    16

430     1

431     7

432     7

433    10

434    11

435     4

436     7

437     7

438    15

439     9

440    10

441    14

442     2

443    14

444    15

445    16

446     2

447     5

448     3

449     1

450     6

451     9

452     8

453     4

454    14

455    16

456     1

457    12

458     8

459    12

460    16

461    11

462     1

463     5

464    11

465     5

466     3

467     2

468    15

469     4

470     4

471    16

472    10

473     3

474     8

475     3

476     1

477    14

478     8

479    10

480    11

481     7

482    16

483    12

484     7

485     7

486     5

487     6

488    12

489     5

490    15

491     5

492     4

493    11

494     6

495     7

496    12

497     7

498    16

499     2

500    13

501     1

502    12

503    16

504     6

505     9

506     3

507     8

508    12

509     9

510     2

511     2

512     6

513     7

514    13

515     1

516     3

517    14

518    10

519     2

520     5

521     4

522    13

523    10

524     7

525     2

526     3

527     1

528     3

529    14

530     5

531    16

532     7

533     5

534     2

535    13

536     5

537     2

538    10

539     1

540     1

541    11

542    15

543     2

544     5

545     2

546     1

547     5

548     5

549     9

550     5

551    11

552     4

553     3

554     3

555    13

556     4

557     3

558     5

559    16

560     4

561    10

562     4

563     4

564    13

565     1

566    15

567     8

568     7

569    13

570    15

571     8

572    11

573     6

574     9

575    15

576    15

577    10

578    12

579     9

580    14

581    14

582    10

583     6

584     3

585    15

586     4

587     9

588     2

589     6

590    10

591    15

592    11

593    15

594     1

595     7

596     9

597    15

598     4

599    10

600    11

601     4

602    10

603    16

604     6

605     5

606     4

607    15

608     4

609     1

610     8

611    13

612     9

613    12

614     5

615    12

616    15

617     1

618    15

619    11

620     1

621    10

622    12

623    10

624    14

625    16

626    13

627    10

628     2

629    13

630    14

631    12

632    10

633     5

634     8

635     5

636    10

637    16

638    12

639    11

640    11

641    15

642     2

643    15

644    14

645     7

646     1

647     6

648    13

649     2

650     2

651    11

652     3

653     2

654    13

655    11

656    13

657    12

658    13

659     5

660     8

661    14

662     7

663     4

664    13

665     9

666    15

667     5

668    16

669    11

670    14

671    15

672    13

673     7

674     7

675     5

676     9

677    12

678     5

679     6

680    13

681     6

682    11

683    14

684    13

685    12

686     4

687     2

688    12

689    10

690    10

691    13

692    10

693     8

694    14

695     8

696     9

697    12

698    16

699     8

700    16

701    12

702     8

703     5

704     4

705    15

706     7

707    15

708     7

709    12

710     4

711     4

712     4

713     9

714     7

715    10

716     6

717     9

718     5

719    13

720    12

721     6

722     9

723     1

724     1

725     4

726     9

727     7

728     2

729    16

730     2

731    11

732     2

733    11

734     6

735     3

736     4

737     3

738     6

739    16

740    13

741     1

742     2

743    15

744     3

745     3

746    14

747     2

748     1

749    12

750    13

751     5

752    16

753    11

754     5

755    14

756     4

757     1

758     4

759    15

760    12

761     5

762    13

763    10

764     8

765     2

766     8

767     4

768    10

769     1

770     9

771    16

772    13

773     9

774     5

775    16

776    12

777     9

778     4

779     1

780    16

781     5

782     3

783     2

784    10

785    13

786    16

787     2

788     7

789    14

790    13

791     9

792    16

793     1

794    12

795     1

796    10

797     9

798     4

799    13

800    15

801     8

802    16

803     5

804    10

805     7

806    16

807    14

808    12

809     9

810    11

811    16

812     2

813     1

814    15

815     6

816    12

817     2

818    11

819     4

820     4

821    12

822     2

823    11

824     5

825    12

826     3

827    12

828     2

829    15

830    12

831     7

832     4

833    12

834     5

835    16

836    10

837    12

838    11

839     7

840     9

841     4

842    11

843    12

844    12

845    10

846     9

847    14

848     4

849    16

850     5

851    11

852     3

853     9

854     8

855    16

856     4

857     7

858     5

859     4

860    14

861    11

862     5

863    14

864     1

865    11

866     1

867     2

868    15

869     4

870     2

871     4

872     3

873     7

874     4

875    15

876     7

877     1

878     7

879    15

880     5

881     9

882     3

883    13

884     8

885     5

886     7

887    13

888     3

889    14

890     8

891     8

892     7

893     5

894    12

895     4

896     6

897    13

898     7

899    16

900    12

901    11

902     5

903     8

904    12

905     1

906     8

907    12

908     2

909     2

910     1

911     9

912     7

913    12

914     9

915     8

916    14

917     3

918     9

919     1

920     4

921    13

922     9

923    12

924     7

925    15

926     1

927     1

928     6

929     1

930     7

931    13

932    14

933    12

934    16

935     4

936     5

937    11

938    16

939     1

940    15

941     3

942    12

943    16

944     7

945     6

946     3

947     9

948     8

949    13

950     5

951    12

952    15

953    15

954    11

955     4

956    16

957    16

958    10

959     3

960    14

961    12

962    14

963    13

964     8

965     9

966    15

967     1

968     4

969    12

970    16

971     3

972     3

973    14

974     4

975    12

976    16

977    13

978     2

979     4

980     7

981    10

982    15

983    14

984    15

985    10

986     6

987     3

988     9

989    15

990     2

991     6

992    11

993    15

994     7

995    10

996     5

997    10

998     2

999     2